 AVALIACAO 1 - FORTRAN
 Nome: ROMULO DE AGUIAR BENINCA
Data: 2025/4/4 0:2:38
 Valores lidos:
 A =            3
 B =           10
 C =            2
 D =            7
 K =    7.8212292864918709E-003
 M =  -0.44961944222450256     
 N =    12.182494163513184     
 J =    5.5000000000000000     
 J =    4.5270190238952637     
